3	343	346
2	455	457
2	57	59
2	208	210
4	496	500
4	287	291
2	13	15
2	270	272
4	153	157
3	18	21
2	576	578
3	23	26
2	152	154
4	154	158
2	172	174
4	346	350
3	151	154
5	27	32
2	136	138
2	339	341
2	207	209
3	379	382
8	105	113
2	211	213
7	293	300
2	195	197
2	493	495
4	43	47
4	338	342
4	162	166
4	343	347
2	132	134
4	107	111
2	201	203
4	277	281
2	227	229
4	249	253
5	201	206
3	411	414
3	512	515
4	166	170
3	256	259
3	171	174
4	351	355
3	513	516
3	208	211
4	44	48
2	209	211
2	162	164
3	237	240
3	88	91
4	117	121
3	229	232
5	285	290
3	205	208
2	38	40
3	209	212
4	203	207
2	221	223
3	229	232
4	31	35
1	304	305
5	108	113
4	313	317
5	212	217
2	59	61
4	96	100
4	292	296
4	157	161
2	261	263
3	350	353
3	68	71
2	98	100
5	94	99
2	439	441
2	407	409
2	305	307
6	69	75
5	489	494
2	153	155
3	80	83
1	273	274
3	429	432
5	219	224
2	35	37
6	130	136
4	60	64
2	156	158
3	108	111
2	459	461
3	629	632
17	478	495
3	170	173
2	281	283
4	285	289
3	98	101
4	97	101
6	62	68
3	57	60
2	239	241
1	141	142
3	628	631
2	50	52
2	133	135
2	337	339
3	115	118
4	79	83
2	358	360
4	449	453
5	36	41
5	48	53
3	87	90
1	176	177
3	107	110
4	85	89
3	271	274
4	62	66
4	222	226
3	271	274
4	88	92
2	344	346
2	273	275
4	37	41
3	149	152
2	211	213
3	303	306
2	7	9
2	377	379
4	214	218
3	140	143
3	203	206
4	87	91
2	225	227
3	211	214
4	42	46
3	46	49
2	252	254
3	141	144
3	503	506
3	318	321
3	317	320
3	286	289
5	237	242
2	313	315
3	85	88
2	212	214
5	124	129
5	296	301
2	112	114
4	115	119
3	41	44
4	58	62
4	290	294
3	112	115
5	136	141
2	118	120
3	128	131
3	78	81
2	448	450
4	159	163
3	212	215
3	500	503
2	462	464
3	149	152
4	328	332
2	272	274
2	220	222
2	514	516
7	125	132
2	102	104
2	78	80
3	191	194
2	276	278
3	119	122
3	167	170
3	196	199
3	129	132
5	19	24
3	69	72
1	72	73
2	212	214
2	496	498
3	146	149
2	482	484
9	35	44
4	98	102
2	47	49
4	260	264
4	198	202
4	156	160
4	125	129
3	225	228
3	238	241
3	151	154
2	229	231
5	125	130
4	360	364
5	411	416
3	167	170
3	613	616
5	137	142
3	153	156
1	279	280
3	59	62
3	308	311
4	98	102
3	506	509
5	292	297
3	431	434
3	286	289
5	126	131
4	182	186
6	176	182
4	28	32
3	227	230
2	327	329
4	263	267
2	26	28
2	329	331
2	382	384
3	433	436
3	143	146
4	333	337
2	348	350
2	363	365
3	153	156
5	279	284
3	261	264
1	200	201
3	202	205
3	238	241
4	204	208
1	111	112
3	365	368
2	33	35
2	384	386
3	358	361
2	357	359
4	52	56
2	181	183
3	141	144
2	315	317
3	127	130
3	217	220
4	29	33
3	65	68
4	257	261
3	36	39
2	16	18
3	87	90
6	12	18
5	90	95
4	85	89
5	213	218
2	64	66
2	109	111
2	390	392
2	461	463
3	83	86
5	108	113
3	227	230
3	114	117
3	175	178
4	211	215
4	81	85
2	116	118
2	148	150
2	56	58
2	414	416
4	19	23
4	543	547
5	142	147
4	140	144
2	38	40
3	321	324
2	38	40
3	225	228
2	315	317
2	337	339
5	462	467
4	120	124
3	183	186
3	290	293
2	142	144
3	5	8
2	202	204
4	662	666
4	34	38
3	305	308
4	15	19
4	229	233
5	246	251
4	201	205
3	239	242
3	199	202
1	56	57
3	260	263
3	262	265
3	296	299
3	139	142
2	335	337
2	178	180
3	349	352
2	35	37
2	338	340
5	301	306
2	191	193
4	45	49
2	274	276
2	197	199
2	134	136
5	284	289
3	523	526
3	231	234
1	53	54
4	391	395
3	331	334
2	269	271
3	149	152
1016	68051	69067
