3	151	154
2	58	60
2	47	49
2	106	108
4	137	141
2	56	58
2	22	24
2	178	180
4	33	37
3	67	70
1	62	63
3	78	81
2	48	50
4	68	72
2	111	113
4	54	58
3	33	36
5	39	44
2	45	47
2	54	56
2	33	35
3	36	39
8	112	120
2	67	69
7	32	39
2	61	63
2	174	176
4	79	83
4	160	164
4	62	66
4	165	169
2	67	69
6	45	51
1	23	24
4	58	62
2	66	68
4	100	104
5	20	25
3	61	64
3	128	131
4	60	64
3	49	52
3	25	28
4	87	91
3	61	64
3	54	57
4	38	42
2	65	67
2	202	204
3	51	54
4	26	30
4	46	50
3	96	99
5	41	46
3	162	165
2	49	51
3	84	87
4	49	53
2	88	90
3	55	58
4	30	34
1	98	99
5	49	54
2	36	38
5	66	71
3	18	21
4	54	58
3	85	88
4	59	63
1	88	89
3	89	92
3	39	42
2	71	73
4	47	51
2	46	48
2	76	78
2	95	97
6	38	44
5	203	208
2	43	45
3	46	49
0	21	21
3	73	76
5	20	25
2	44	46
6	59	65
4	74	78
2	36	38
3	36	39
2	137	139
3	60	63
17	40	57
3	8	11
2	74	76
4	147	151
3	33	36
4	37	41
6	36	42
3	47	50
2	47	49
3	100	103
2	134	136
2	120	122
3	70	73
2	69	71
3	37	40
4	63	67
2	63	65
3	4	7
5	45	50
5	64	69
3	78	81
1	61	62
3	66	69
4	86	90
3	74	77
4	72	76
4	85	89
3	48	51
4	53	57
2	34	36
2	161	163
4	57	61
2	61	63
3	85	88
3	77	80
1	27	28
2	39	41
4	48	52
3	33	36
3	112	115
4	55	59
2	170	172
3	30	33
4	50	54
3	37	40
2	41	43
3	85	88
3	63	66
3	35	38
3	39	42
3	50	53
5	81	86
1	11	12
3	31	34
2	68	70
5	33	38
5	59	64
2	48	50
4	59	63
3	68	71
4	80	84
4	121	125
3	18	21
5	91	96
3	91	94
3	43	46
3	89	92
2	93	95
4	92	96
2	85	87
3	58	61
2	122	124
3	50	53
3	40	43
2	111	113
2	175	177
1	15	16
7	83	90
2	103	105
2	70	72
3	61	64
3	131	134
3	60	63
3	51	54
3	111	114
2	30	32
6	25	31
3	59	62
2	21	23
2	24	26
2	116	118
4	37	41
2	71	73
9	28	37
4	17	21
2	30	32
4	84	88
4	113	117
4	28	32
4	94	98
4	112	116
3	29	32
3	24	27
2	33	35
5	82	87
3	57	60
5	151	156
3	100	103
3	162	165
5	22	27
3	60	63
2	102	104
3	73	76
3	76	79
4	38	42
3	59	62
5	59	64
3	58	61
3	44	47
5	41	46
4	84	88
6	20	26
4	33	37
3	57	60
2	162	164
4	89	93
2	49	51
3	44	47
2	63	65
3	80	83
3	80	83
4	88	92
2	83	85
2	66	68
3	6	9
4	35	39
3	137	140
1	34	35
3	47	50
3	130	133
3	35	38
2	117	119
3	143	146
2	42	44
2	172	174
3	140	143
2	64	66
4	45	49
1	105	106
3	50	53
2	40	42
3	32	35
3	90	93
4	26	30
3	71	74
4	157	161
2	105	107
2	30	32
3	165	168
7	42	49
5	53	58
4	64	68
5	120	125
2	19	21
1	64	65
2	131	133
2	39	41
3	36	39
5	83	88
3	78	81
3	148	151
3	108	111
4	58	62
3	42	45
2	24	26
2	73	75
2	51	53
2	161	163
4	32	36
2	65	67
5	98	103
4	148	152
2	44	46
3	92	95
4	44	48
3	107	110
2	107	109
2	74	76
5	199	204
4	34	38
3	17	20
3	118	121
3	61	64
4	23	27
1	103	104
4	147	151
4	25	29
3	39	42
4	15	19
4	53	57
5	32	37
4	45	49
3	94	97
3	42	45
5	101	106
3	36	39
3	14	17
3	200	203
4	70	74
2	16	18
2	84	86
1	71	72
2	62	64
2	140	142
5	41	46
2	108	110
4	21	25
2	116	118
2	119	121
2	31	33
5	160	165
3	62	65
3	57	60
1	65	66
4	149	153
3	104	107
2	68	70
3	64	67
1012	22458	23470
