3	808	811
2	729	731
2	592	594
2	722	724
4	472	476
3	285	288
3	116	119
2	776	778
4	532	536
3	433	436
2	538	540
3	290	293
2	434	436
3	580	583
2	441	443
4	688	692
3	477	480
5	354	359
2	736	738
2	313	315
2	601	603
3	691	694
8	665	673
2	572	574
7	620	627
2	536	538
2	783	785
4	506	510
4	790	794
4	522	526
4	574	578
2	435	437
6	375	381
2	541	543
4	619	623
2	710	712
5	809	814
4	185	189
3	377	380
3	793	796
4	627	631
3	611	614
3	480	483
4	325	329
3	496	499
3	170	173
4	456	460
2	537	539
2	688	690
4	616	620
4	629	633
4	386	390
3	226	229
5	609	614
3	549	552
1	508	509
3	528	531
4	598	602
2	662	664
3	551	554
4	167	171
1	649	650
5	289	294
4	283	287
5	560	565
3	334	337
4	629	633
4	615	619
4	475	479
3	608	611
3	751	754
3	482	485
2	530	532
5	369	374
2	412	414
2	669	671
2	719	721
6	471	477
4	754	758
2	496	498
3	647	650
2	655	657
3	697	700
5	724	729
2	419	421
6	502	508
4	596	600
2	422	424
3	594	597
2	718	720
3	583	586
17	464	481
3	545	548
2	742	744
4	577	581
3	581	584
4	396	400
6	323	329
3	626	629
2	611	613
3	661	664
2	587	589
1	470	471
2	687	689
2	645	647
3	391	394
4	284	288
3	679	682
4	439	443
5	214	219
5	200	205
3	404	407
2	621	623
3	440	443
4	395	399
3	607	610
4	270	274
4	554	558
3	512	515
4	556	560
2	650	652
2	705	707
4	149	153
3	450	453
2	722	724
3	613	616
2	287	289
2	345	347
4	555	559
3	140	143
3	569	572
4	371	375
2	616	618
3	737	740
4	512	516
3	463	466
2	571	573
3	340	343
3	483	486
3	650	653
3	644	647
3	262	265
5	517	522
2	295	297
3	582	585
2	591	593
5	526	531
5	760	765
2	468	470
4	406	410
3	519	522
4	490	494
4	561	565
3	621	624
5	454	459
3	594	597
3	625	628
3	286	289
2	735	737
4	567	571
3	711	714
3	464	467
2	777	779
3	627	630
4	660	664
2	535	537
2	637	639
2	499	501
6	576	582
2	637	639
2	482	484
3	476	479
3	615	618
3	304	307
3	505	508
2	485	487
3	454	457
5	390	395
3	557	560
1	370	371
2	616	618
2	771	773
4	520	524
2	472	474
9	386	395
4	622	626
2	387	389
4	555	559
4	592	596
4	518	522
4	597	601
3	723	726
3	635	638
3	528	531
3	651	654
5	662	667
4	803	807
5	698	703
4	709	713
3	587	590
5	477	482
3	603	606
2	823	825
4	255	259
3	575	578
4	681	685
3	777	780
5	270	275
3	405	408
3	260	263
5	467	472
4	592	596
6	154	160
4	418	422
3	693	696
2	644	646
4	546	550
2	400	402
2	645	647
2	350	352
3	753	756
3	381	384
4	310	314
2	666	668
2	342	344
3	130	133
5	256	261
3	547	550
1	550	551
3	578	581
3	673	676
4	490	494
2	323	325
3	648	651
2	405	407
2	777	779
3	676	679
3	710	713
4	439	443
2	466	468
3	136	139
2	645	647
3	367	370
3	617	620
2	398	400
3	621	624
4	696	700
0	148	148
1	88	89
3	532	535
4	545	549
5	330	335
4	487	491
5	639	644
2	283	285
2	533	535
2	379	381
2	778	780
3	578	581
5	397	402
3	634	637
3	601	604
3	443	446
3	503	506
4	342	346
2	609	611
2	410	412
2	250	252
2	672	674
2	190	192
4	527	531
5	673	678
4	450	454
2	592	594
3	304	307
4	532	536
3	546	549
2	676	678
3	634	637
5	755	760
4	633	637
3	529	532
3	618	621
2	705	707
4	368	372
3	631	634
4	629	633
4	512	516
4	620	624
4	134	138
4	570	574
5	617	622
4	587	591
3	560	563
3	538	541
5	517	522
4	637	641
3	621	624
2	786	788
5	457	462
2	320	322
2	543	545
3	721	724
2	229	231
1	712	713
5	697	702
2	760	762
4	261	265
2	772	774
2	679	681
2	117	119
4	781	785
3	475	478
3	226	229
2	200	202
3	384	387
3	314	317
2	622	624
3	532	535
1028	167105	168133
